3084
4536
2049
11062
2047
6212
2050
10998
3081
11205
3078
3077
6870
1658
8526
11011
3076
11115
5636
3085
2686
10997
11030
10279
3080
5684
2048
6243
5660
11164
6293
8558
4337
5862
3075
11093
3086
6207
5474
6006
6461
6188
11155
3083
9684
10328
4553
6423
1219
10565
1087
3082
6416
6411
11196
11069
5645
10966
11197
10448
11083
11071
10453
4355
4512
11237
2247
2719
10325
10407
11043
11357
5613
11173
1515
1023
1966
5742
4409
11168
6294
3072
3257
11541
5487
11061
2266
11605
3905
5118
1840
6236
6797
6314
6219
10364
1807
6611
11670
2027
2051
8430
4541
8536
5646
2356
11029
5573
11677
5642
2994
2704
11005
8429
5908
1535
10375
2044
11275
3079
6131
1676
5708
6891
6447
11051
10469
10373
2450
1438
11059
2868
2971
2115
1956
1691
6711
2466
8878
9780
10965
6292
6146
1422
6063
1238
11200
2664
11132
5691
5574
11350
11081
12005
9683
8494
4313
5670
5330
11984
6303
5699
10388
11989
10549
11509
11403
5498
4331
6553
10613
11167
1286
2314
3064
2986
6459
5930
5619
6464
5142
6072
5483
9589
2036
5067
11091
11211
5714
11037
11123
1958
10003
1328
1151
6488
10343
1454
1984
3113
2984
5045
10259
11603
11017
8877
11190
1544
6012
11045
11189
3055
2179
6313
1636
5685
1103
5762
10428
3648
6261
5507
12000
9717
1520
10987
10837
9653
10387
6684
11668
1223
5247
10389
2251
6197
5550
6879
5547
2482
6533
11349
11700
11084
10923
5792
6011
10293
1943
10256
7694
10973
5627
5459
5718
6639
2910
6387
6903
11188
11733
6324
8976
5114
11621
9971
11157
5238
11141
195
11669
10460
6467
5978
5838
5814
6794
10347
11612
6311
11094
6299
11101
5588
11696
1637
6195
10645
11381
4625
5594
2835
11589
5867
1452
4152
10421
11077
9835
7917
8205
4481
6101
8686
5991
6471
3761
5717
10748
11813
2563
5666
6663
1146
6080
1968
5780
10356
10181
2541
11158
6579
7886
10068
6628
6248
1390
1379
11136
8528
1814
10547
1628
10963
6317
1796
8654
10840
6842
6506
5454
11925
11525
6433
9899
1421
1529
9893
6218
1857
9488
1042
9491
1091
2675
5598
10869
11243
6284
5070
5162
6399
9877
6196
10437
9782
6245
11477
5559
9867
10483
1868
2407
6752
2543
10277
7184
6531
10643
5213
10461
6318
5907
11573
10309
10709
10091
6264
6266
9715
9325
5858
9651
5612
1025
11019
10300
3008
6923
6482
6388
5861
11369
9692
5939
11732
9611
10992
5186
6332
11027
1591
10005
11020
9360
6818
2131
9424
6049
9980
9991
6002
6267
2996
2749
6567
5212
6349
11435
11797
1980
6728
5891
10485
2053
6296
1407
6122
1989
5709
5427
5570
6681
6500
2548
5339
5331
8845
10870
5870
6347
10902
6539
2474
2572
1513
8496
6573
11504
9525
5723
5585
5834
5679
5358
10012
5810
4361
5877
3833
5553
5055
6443
11109
8622
6723
11861
11968
5109
9509
6419
1587
10891
2016
1512
5420
2656
5306
11413
11075
5123
5934
10507
11052
1934
11478
5795
5871
5987
2824
1891
1656
5253
1376
10396
6285
6798
11581
1279
11845
2017
6200
5675
10229
10400
6098
5387
6674
10036
6755
9968
11840
1114
11228
6203
10318
5319
6788
6807
6605
2258
11996
5643
6480
6914
1430
5775
11048
10879
10357
10164
10350
6150
1054
10832
6059
3185
4049
4351
5943
11580
6626
5042
10352
5402
9680
11124
11766
5219
1877
507
10496
6174
5954
6732
4379
1720
6771
11637
2055
1545
1382
11028
6408
5840
5115
6486
6323
10571
10424
11808
6216
4121
5511
10853
6083
6249
10163
10405
5661
6171
5214
4265
1914
5540
11957
11347
9008
9685
5069
6121
5972
5741
5790
6099
8826
6290
11147
6483
5703
7790
1950
8532
2557
5501
6748
11638
10859
5864
5099
6269
10392
5969
5837
7949
10112
11179
2307
6630
5782
7344
5819
11615
6957
11212
5262
844
783
3473
2615
6990
6795
10064
10197
6342
1866
5264
10341
5396
6915
7053
5621
6856
9597
7470
3012
9875
8856
4584
8045
5735
2480
634
11485
11734
6869
816
6899
11079
10805
7797
5968
6362
2020
6458
5166
5357
2449
5560
2992
9823
6224
5480
3689
9703
11804
7640
5766
5597
5915
11909
6476
1802
7309
5948
9605
1787
6678
5963
9776
11135
5552
11764
9358
6365
6414
71
1384
2894
11116
3545
6051
11932
10416
5844
5885
3401
5637
11563
6444
11103
2371
8984
2684
9941
10069
2663
11719
6366
8461
8046
6125
10635
6039
3639
10133
6886
5905
10183
944
4407
9701
9292
6327
2412
10940
5763
10960
6291
1942
5478
11685
2404
6170
6192
9747
2715
10311
1277
9669
5165
10439
6279
5633
2119
6276
5579
1387
5644
10037
6722
6308
5243
6519
2621
6438
1410
7472
10589
6812
6587
1792
10015
199
9972
5628
10172
3017
1343
11339
5765
5977
10332
1229
5235
11653
1986
5488
853
2622
2566
7024
10736
8844
5651
2360
1784
11796
1221
9845
10432
8543
5564
5747
1846
2658
6213
1095
6371
5116
6304
5259
6846
1795
9686
5216
1999
11947
8880
6549
8784
6893
11446
2942
10304
1230
1688
2029
9848
6525
2043
2638
10099
10836
5124
6064
9524
1174
5979
6363
5147
960
11253
7022
2418
6821
1365
5181
6376
10380
9733
1645
5981
10272
10757
2919
304
5152
5355
3049
10979
10131
6485
10900
10492
6916
6032
1519
5113
6386
10611
5429
7160
5716
1641
2023
6837
10655
6608
2804
9533
1584
5063
9811
6621
8336
10140
1278
6180
1464
3615
1446
11836
6735
10262
8831
6357
5428
7565
6495
6644
1253
5283
6089
6141
5286
5656
10772
1071
8717
6309
6624
11467
3816
10016
1929
6341
11741
6625
5380
9547
7758
11591
11024
2045
6851
6992
9998
5951
6701
6400
6452
11552
2820
10640
2345
5188
5378
6572
11699
5733
8440
1470
2842
9200
5916
7150
9579
5595
11312
1920
1593
5301
9584
6819
10985
6725
1589
6003
5244
5261
4344
11040
6029
10909
11100
9884
2716
5652
5648
5475
9940
5252
6288
5676
6424
2710
1436
2905
6548
7533
9983
663
11328
6532
11683
2381
1612
1074
6008
6603
2673
67
11787
1592
5761
1216
10260
6257
11731
1967
5608
11973
7568
1265
7437
6420
4776
10556
9500
5993
5609
1152
2674
10951
6345
9856
9771
9631
3683
2821
6144
5693
1962
5888
5526
11551
3051
5421
6560
