3080
11091
3081
4342
3082
2048
6207
11030
11092
11060
2049
11100
11062
11068
2017
5631
11123
3077
1513
6323
11072
5700
4318
3083
6650
11094
8532
7768
3086
11132
10966
3076
8428
11109
2050
5679
6203
6243
6169
7736
4296
11059
11221
2541
5766
5435
7800
5641
3085
6101
11135
8590
4270
10976
3045
5871
5885
6765
10963
6471
11013
5694
11103
4320
6771
6246
6337
11028
6227
6116
7744
5655
5652
2984
6212
10101
11318
5617
5592
10773
5665
6544
6267
5713
2051
11141
4392
6351
8589
3078
5607
10389
4355
5636
6251
2276
11356
8525
5640
4350
12011
4379
5910
4359
6855
11077
5991
11029
6663
10975
2052
11541
6208
11116
5689
3084
4222
5048
10261
6256
6290
1956
5651
5868
5138
6347
5306
11669
1913
6266
6237
10236
11101
1024
6309
10164
1920
6515
1539
5367
10069
5684
10677
6257
6318
6304
6540
3687
5343
6179
5210
6807
6261
8564
5948
6299
2013
10869
10357
2949
2643
5205
5400
5693
1248
5859
5676
11027
8364
6313
11173
3707
5741
11061
5814
6222
6218
10227
8016
5642
8080
6303
6269
5622
1983
6312
1599
11037
6423
6349
1471
11049
11219
5819
11765
10229
6316
10611
5771
1804
1921
5865
6764
8500
1727
10187
1272
10613
8462
11045
10985
5912
6341
5878
11043
11088
6213
993
5891
10944
1681
4326
10388
2941
6591
6102
2948
8622
11327
6184
7704
6342
2963
11071
10293
3663
11113
10037
5511
6317
4385
5522
11516
6291
5084
5042
6242
6294
7840
11187
6216
4246
10192
1788
1984
3731
5775
6776
9557
11563
6485
5627
9909
5944
3755
10027
5692
4824
5690
2504
5339
1331
11231
1078
6279
5043
1216
5364
9547
6236
5123
5590
6851
2301
6404
11083
6144
5716
6124
7280
11237
10998
5712
1792
8556
8878
6076
11007
6059
5271
5774
11081
1273
6051
9919
5804
6675
6812
6842
5415
5517
6283
5595
5715
5718
11733
5628
2832
10535
5675
10996
11196
6582
6245
6567
6105
10453
5861
1935
6506
6899
10294
10707
5717
11604
10429
5687
6488
10835
11126
11051
10891
2567
1504
5300
10837
5181
8460
6219
3011
11232
3923
10259
1042
11125
10867
1947
6520
5699
6458
10475
5852
11957
5740
6241
5907
11133
5363
11184
4325
6482
5616
5834
6170
6197
10160
6914
11285
1039
10995
