4270
8532
8564
6251
4283
11092
6212
4278
5811
11061
6201
6242
8557
4246
11115
11091
3731
6248
8496
6266
11094
11109
5789
4368
1921
11084
11125
11136
8500
11029
10613
6231
6179
11036
897
6236
4259
8492
8590
6216
6323
2949
4392
5804
5741
11133
4416
11101
11039
8640
6214
11095
6218
6232
5616
3720
10325
6189
4284
11123
10343
1543
5669
3744
3755
11072
6213
11147
5747
4385
6238
3779
5670
5319
4373
7917
6209
6312
5895
5717
10387
3833
11199
8524
3803
10972
3827
8622
6165
6160
8428
6207
11062
6225
10323
11059
6261
5665
7776
6208
2571
5766
11045
1922
5679
5713
5795
5655
7856
5738
8589
10312
11077
7898
6267
8499
11071
6175
8814
5673
4397
1540
6237
5726
11088
6241
6246
10375
5806
11175
864
10963
10279
4355
3085
11027
5464
11763
11075
11975
5745
11207
11184
10624
10611
6294
5796
6269
6194
5948
3077
6169
5688
11765
5574
1036
6229
4390
2068
4294
8684
1856
10965
5483
11141
11104
11187
6215
6284
2064
7792
4265
10928
10716
6149
10943
6228
5664
10707
323
3048
3749
11113
6270
2916
8525
4421
1959
11168
6224
5810
10867
8560
7923
8672
6192
9893
6253
5099
4241
7891
6244
2047
11219
11196
4150
7888
3792
6184
6324
11056
6173
11086
1073
3768
10955
11190
11237
7808
11717
