11072
5742
6285
6246
11142
5715
6309
4318
7920
10661
11036
10524
10501
5703
1784
6123
4163
4211
11077
5729
6194
10496
11104
3807
10357
10515
11109
11175
10624
5757
3731
11120
1364
11174
10629
10997
5717
2019
6323
4342
3827
6261
5741
11091
6314
5525
5987
11147
10693
8557
11100
10492
6251
6147
11116
6196
6212
4320
8312
3044
6116
5421
6296
11068
10944
11152
11141
10597
6447
8588
11096
6507
4235
2016
8556
5756
5981
2048
10471
5147
6218
6693
8525
4344
11084
6237
6098
10611
5612
10493
4283
10503
6488
4326
10795
10293
11030
6236
1985
348
6168
760
6290
11111
5718
5814
6311
1095
10655
10687
10460
10837
8608
10533
1681
2540
11445
2812
5772
3047
4287
4359
10603
11199
5732
339
6206
10439
6300
340
2392
4350
5675
10623
6222
8396
6291
11039
6267
6197
5733
11028
11143
10996
4379
7758
10528
11220
11009
5878
2067
3808
2155
5427
6317
3803
1532
11179
6844
6140
11029
11064
4145
6242
7950
10131
6208
5739
11019
6039
11092
8878
9621
5642
10389
11027
1512
11110
10965
11155
11755
10454
8620
7728
10975
6755
5776
5708
10452
4325
5604
10620
1869
6063
6238
8653
1102
8080
3013
5807
11743
4536
8524
10908
3076
3082
6707
11103
10656
11173
11559
3084
6141
11113
11190
5906
10420
6459
6243
4198
2014
10388
9651
5188
11083
6189
10912
10835
10643
11167
6990
11052
3857
6687
11659
5747
7896
8600
11135
10133
6099
11207
5307
6050
2391
625
10309
5312
11126
6540
1299
4288
6659
2440
5162
4534
6698
5575
4360
11094
11132
6241
6183
4206
