2057
2060
4527
1023
1026
1087
2054
2061
2056
2051
2052
6234
6210
10038
10155
634
10101
10181
1025
10436
10419
2053
6477
6258
1662
398
1456
428
10042
10961
1024
2059
10057
1426
5694
6834
10010
2062
10167
5973
4532
2058
63
1012
783
6405
521
195
10070
10024
6256
2055
1442
8875
8018
9501
511
10199
996
10187
8815
158
6478
822
667
199
489
414
1027
10025
6492
1695
5262
6198
10179
8
491
771
1099
8431
5646
10256
10089
1993
632
1954
10357
6112
5647
1539
6558
255
5254
10371
8314
6280
7310
10417
1517
4338
1800
8526
6190
1223
1660
772
942
5418
67
271
10130
6400
48
567
1190
262
5320
1850
6409
569
1680
1091
1227
652
6117
6474
5542
10974
383
1030
2040
8558
5478
10431
319
10422
1414
1090
10966
5968
1213
6265
926
6118
10387
154
6214
127
1197
1811
1186
1885
6186
1020
5586
30
1549
1131
3
6496
6261
9853
1091
10978
197
6766
10813
9687
1383
1123
6031
520
1621
1519
7896
6040
1283
6438
6070
1970
8506
2024
4551
1165
6215
6837
8787
10291
10827
10665
6136
867
131
355
1155
10062
10601
122
5541
6138
8863
836
6270
505
386
6775
6426
934
6846
6703
768
8017
5392
10346
5394
6223
10271
10446
10434
10358
10391
10259
5325
6544
1421
9757
422
1031
6245
6838
2048
10451
7790
6472
1225
612
1290
898
1862
1135
1673
6549
1597
10416
600
6318
1234
6238
1738
10547
5
6060
4314
6420
5248
34
5046
1640
6018
5949
1960
5766
1895
1219
10049
6328
1926
5037
107
816
5838
5316
853
5853
1299
1962
1613
6282
5032
9712
22
1947
299
5128
5536
5695
10610
1071
1036
1033
6692
1450
5655
1076
6232
6250
5830
5671
89
62
5350
8440
214
6306
1293
5464
5049
6273
964
10962
6622
8626
5682
6297
5848
615
1003
79
5898
4503
1242
9843
5970
1117
6904
1799
10355
10224
10174
5686
5250
6208
1286
1017
692
6333
1859
8329
1133
6850
9942
15
6231
1069
1147
5364
6925
6184
6151
932
560
9842
1276
9790
10128
642
5757
5844
6310
8462
5730
206
5653
1411
406
1332
10323
10882
10865
752
1144
5800
6292
6546
352
1870
1110
9622
5560
5902
6498
9387
5959
4339
1161
6545
1115
5058
5565
203
1992
6247
1042
1347
1918
5562
9804
10622
1140
7667
496
10384
10553
5158
1159
10443
1136
5590
5677
253
0
6183
10589
10739
4479
6860
9663
6304
1022
10646
6042
6616
6894
1108
6852
670
1168
5200
1119
1105
5896
5479
1167
5047
10381
6909
9529
5802
6249
1050
6285
890
6448
10557
6516
1107
10077
10561
1105
1021
7403
869
770
6640
6430
710
5556
585
1090
5824
1183
755
5052
9494
5634
5298
5829
304
5983
6699
5152
5514
1062
5356
6513
894
217
5839
6832
5538
5226
8115
10258
1117
9847
5769
1938
6237
6501
6268
6244
5944
1725
5583
5758
1128
10821
6633
38
5340
454
1122
9949
10167
5266
10367
1103
5469
10717
5897
