63
59
68
58
70
13
41
8158
3343
46
65
76
44
3
50
29
73
15
66
3303
30
71
75
51
48
56
21
3291
2698
31
2751
74
20
61
69
12
14
47
72
17
3259
2809
3217
145
49
4
1
8
32
6
2407
62
64
67
54
16
7431
147
37
25
3544
27
143
34
8128
0
36
3271
8167
3309
60
7040
1603
2567
5881
5
2802
2434
2410
142
8256
1422
3831
146
140
8272
39
5947
150
2231
18
2
55
8160
3427
8190
3111
3534
2374
2759
8208
52
8065
23
8928
3188
8199
8202
9
3370
3147
8176
7
35
45
152
8193
3144
7072
3279
3558
24
4089
2799
153
19
3331
3418
7423
136
3286
3366
7190
43
3721
3390
1409
3299
3115
3294
2511
38
3063
3884
8427
8150
2881
3867
3332
2991
2829
149
3165
57
3238
3846
2736
8033
2712
7967
148
3280
2958
7742
3983
2565
8704
3187
7296
4069
8032
2647
3346
3525
7862
3381
2790
3887
3142
2411
3034
3555
8800
3745
7847
2661
3607
40
3183
6656
3288
8130
121
2550
3256
3334
7399
7067
7986
3399
5656
8906
2819
8840
7751
3154
3550
3822
2228
26
2118
5851
4707
2463
151
3624
2133
2541
3315
5595
3505
8192
28
118
8487
3093
4313
3720
11
133
2367
2733
3359
2905
3130
2658
8145
141
5433
3622
9067
127
3174
8251
3141
6912
3106
1452
2761
2280
3688
3337
2910
3604
10
3313
3702
2722
8960
2863
2506
2770
3336
7440
135
2613
2181
3870
8114
2842
2901
7200
3055
3659
8062
2286
3943
7858
2209
2611
804
8000
8832
128
2103
7463
3213
3310
955
7840
